City,Cloudiness,Country,Date,Humidity,Lat,Lon,Max Temp,Wind Speed
Avarua,50,CK,1603933950,81,-21.21,-159.78,72.99,19.26
Butaritari,100,KI,1603933950,73,3.07,172.79,81.46,5.03
Cabo San Lucas,64,MX,1603933865,65,22.89,-109.91,77.0,3.87
Mataura,62,NZ,1603933950,72,-46.19,168.86,62.01,5.01
Airai,73,TL,1603933950,55,-8.93,125.41,74.66,3.22
Qaanaaq,7,GL,1603933951,73,77.48,-69.36,7.38,11.18
Sitka,2,US,1603933951,75,57.05,-135.33,43.38,2.21
Banda Aceh,100,ID,1603933951,68,5.56,95.32,82.31,9.51
Yellowknife,98,CA,1603933951,97,62.46,-114.35,23.0,4.23
Kidodi,64,TZ,1603933952,81,-7.6,37.0,70.59,1.14
Saint-Philippe,100,RE,1603933952,92,-21.36,55.77,61.0,1.01
Diu,0,IN,1603933952,50,20.71,70.98,75.27,5.97
Taguatinga,100,BR,1603933953,77,-12.39,-46.57,76.69,2.3
Roura,66,GF,1603933953,90,4.73,-52.33,77.38,4.0
Safi,0,MA,1603933834,73,32.3,-9.24,63.55,16.91
Ushuaia,100,AR,1603933954,86,-54.8,-68.3,39.27,4.36
Tres Arroyos,42,AR,1603933954,69,-38.37,-60.28,48.58,11.41
Punta Arenas,98,CL,1603933807,61,-53.15,-70.92,48.0,31.0
Lagoa,1,PT,1603933954,79,39.05,-27.98,65.98,11.79
Mount Gambier,100,AU,1603933821,87,-37.83,140.77,55.47,4.21
Rikitea,100,PF,1603933955,81,-23.12,-134.97,74.98,11.65
Kavieng,99,PG,1603933955,66,-2.57,150.8,84.87,5.1
Atuona,3,PF,1603933955,73,-9.8,-139.03,77.81,13.02
Cape Town,75,ZA,1603933774,87,-33.93,18.42,61.0,17.22
Kapaa,78,US,1603933955,59,22.08,-159.32,79.0,10.83
Ilulissat,100,GL,1603933956,61,69.22,-51.1,14.0,5.82
Lüderitz,100,NA,1603933956,69,-26.65,15.16,59.56,14.5
Piraju,0,BR,1603933956,40,-23.19,-49.38,71.53,0.6
Tutóia,1,BR,1603933956,78,-2.76,-42.27,80.96,13.49
Sibolga,100,ID,1603933956,66,1.74,98.78,81.9,1.59
Vila Velha,56,BR,1603933957,83,-20.33,-40.29,82.0,14.07
Chui,55,UY,1603933957,80,-33.7,-53.46,56.28,10.4
Quelimane,37,MZ,1603933820,91,-17.88,36.89,68.52,2.35
Port Elizabeth,90,ZA,1603933957,88,-33.92,25.57,64.4,9.17
Busselton,0,AU,1603933771,37,-33.65,115.33,70.0,11.79
Hithadhoo,0,MV,1603933958,74,-0.6,73.08,83.19,11.14
Raudeberg,100,NO,1603933900,89,61.99,5.14,46.0,29.91
Mar del Plata,0,AR,1603933958,65,-38.0,-57.56,54.0,5.01
Maltahöhe,97,NA,1603933958,27,-24.83,16.98,67.66,12.1
Husavik,20,IS,1603933856,90,66.04,-17.34,41.0,10.29
Nanortalik,100,GL,1603933959,92,60.14,-45.24,32.56,12.53
Vaini,10,TO,1603933959,72,-21.2,-175.2,73.15,19.89
East London,100,ZA,1603933724,83,-33.02,27.91,68.47,1.68
Camaná,86,PE,1603933499,76,-16.62,-72.71,62.98,5.79
Saint-Augustin,100,CA,1603933960,86,51.23,-58.65,28.81,9.22
Meulaboh,100,ID,1603933960,79,4.14,96.13,78.13,4.27
Hobart,25,AU,1603933835,60,-42.88,147.33,66.0,1.99
Ust-Maya,100,RU,1603933367,93,60.42,134.53,10.78,3.44
Maceió,100,BR,1603933960,78,-9.67,-35.74,77.34,14.41
New Norfolk,42,AU,1603933961,53,-42.78,147.06,66.0,1.01
Dalvik,20,IS,1603933362,87,65.97,-18.53,41.0,6.93
Murgab,0,TM,1603933646,68,37.5,61.97,34.72,6.93
Mwingi,91,KE,1603933961,87,-0.93,38.06,66.34,8.77
Mahon,0,ES,1603933961,70,39.89,4.27,65.95,9.78
Pacific Grove,0,US,1603933962,83,36.62,-121.92,63.0,2.53
La Ronge,100,CA,1603933848,96,55.1,-105.28,25.02,4.09
Necochea,22,AR,1603933962,75,-38.55,-58.74,53.01,13.0
Kisaran,99,ID,1603933962,77,2.98,99.62,80.78,2.13
Vao,0,NC,1603933962,75,-22.67,167.48,72.9,16.46
Jamestown,100,US,1603933702,92,42.1,-79.24,43.0,1.01
Werl,100,DE,1603933963,91,51.55,7.92,50.0,1.01
Phalodi,0,IN,1603933963,23,27.13,72.37,69.57,1.16
Tasiilaq,100,GL,1603933963,43,65.61,-37.64,33.8,18.34
Asău,73,RO,1603933963,94,46.43,26.4,48.0,4.38
Umm Kaddadah,8,SD,1603933964,23,13.6,26.69,81.81,16.26
Albany,100,US,1603933803,90,42.6,-73.97,46.0,3.65
Mackay,0,AU,1603933964,23,-21.15,149.2,89.01,6.26
Paita,100,PE,1603933964,82,-5.09,-81.11,65.46,13.78
High River,100,CA,1603933965,89,50.58,-113.87,37.0,5.7
Almeirim,91,BR,1603933965,67,-1.52,-52.58,82.09,5.3
Barrow,75,US,1603933965,62,71.29,-156.79,23.0,5.97
Vestmanna,80,FO,1603933965,88,62.16,-7.17,45.21,12.3
Yangi Marg`ilon,28,UZ,1603933966,62,40.43,71.72,39.56,1.28
Bluff,72,NZ,1603933966,72,-46.6,168.33,62.01,5.01
Ancud,69,CL,1603933694,93,-41.87,-73.82,48.0,5.99
Zemio,100,CF,1603933869,93,5.03,25.14,70.25,1.86
Winder,100,US,1603933966,99,33.99,-83.72,72.0,1.01
Sola,41,VU,1603933967,79,-13.88,167.55,80.56,19.71
Bredasdorp,100,ZA,1603933967,59,-34.53,20.04,62.6,2.24
Esperance,0,AU,1603933967,54,-33.87,121.9,61.92,11.63
Usinsk,100,RU,1603933967,98,65.99,57.53,36.91,14.61
Saskylakh,93,RU,1603933968,90,71.92,114.08,1.51,8.84
Quatre Cocos,26,MU,1603933968,73,-20.21,57.76,70.0,4.0
Felanitx,0,ES,1603933968,83,39.47,3.15,57.99,3.18
Upernavik,97,GL,1603933968,84,72.79,-56.15,13.17,11.56
Hong Kong,95,HK,1603933910,70,22.29,114.16,77.0,1.99
Puerto Ayora,58,EC,1603933969,92,-0.74,-90.35,68.0,1.01
Odesskoye,100,RU,1603933493,98,54.21,72.97,28.44,8.14
Provideniya,100,RU,1603933969,90,64.38,-173.3,27.18,2.48
Hilo,99,US,1603933969,83,19.73,-155.09,78.01,1.99
Salalah,13,OM,1603933970,69,17.02,54.09,78.8,2.71
Saldanha,100,ZA,1603933712,88,-33.01,17.94,59.59,13.82
Rio Grande,89,BR,1603933682,95,-32.03,-52.1,64.99,11.3
Severo-Kuril'sk,97,RU,1603933971,80,50.68,156.12,44.49,8.52
Tautira,0,PF,1603933971,94,-17.73,-149.15,75.0,17.0
Souillac,89,MU,1603933971,73,-20.52,57.52,70.0,4.0
Pisco,0,PE,1603933971,86,-13.7,-76.22,63.0,11.01
Novikovo,0,RU,1603933958,73,51.15,37.89,39.13,8.3
Grindavik,100,IS,1603933972,68,63.84,-22.43,45.23,34.25
Batagay-Alyta,92,RU,1603933972,84,67.8,130.41,2.07,2.77
Tocopilla,15,CL,1603933972,56,-22.09,-70.2,60.1,6.24
Contamana,1,PE,1603933973,59,-7.33,-75.02,84.13,3.62
Gizo Government Station,100,SB,1603933973,76,-8.1,156.84,84.18,10.63
Zyryanka,97,RU,1603933974,93,65.75,150.85,6.94,0.36
Bethel,100,US,1603933974,87,41.37,-73.41,48.99,1.01
Dubbo,11,AU,1603933975,54,-32.25,148.62,69.48,5.66
San Patricio,0,US,1603933975,57,28.02,-97.52,59.0,4.79
Ribeira Grande,64,PT,1603933976,86,38.52,-28.7,67.64,21.21
Nikel,100,RU,1603933976,94,69.41,30.22,36.14,8.93
Dikson,0,RU,1603933976,89,73.51,80.55,2.88,21.74
Leningradskiy,91,RU,1603933840,90,69.38,178.42,19.08,11.5
Remanso,99,BR,1603933977,67,-9.62,-42.08,81.05,2.53
Port Alfred,99,ZA,1603933977,84,-33.59,26.89,67.19,0.94
Lorengau,100,PG,1603933977,73,-2.02,147.27,84.33,2.26
Pindwāra,0,IN,1603933977,38,24.8,73.07,68.13,2.66
Padang,100,ID,1603933471,61,-0.95,100.35,82.18,0.65
Inongo,100,CD,1603933653,97,-1.95,18.27,70.54,2.62
Kaeo,100,NZ,1603933978,86,-35.1,173.78,63.81,7.65
George Town,100,MY,1603933978,88,5.41,100.34,80.01,1.01
Carnarvon,34,AU,1603933978,45,-24.87,113.63,77.2,9.1
Saint Anthony,90,US,1603933979,70,45.02,-93.22,42.8,5.82
Bestöbe,100,KZ,1603933979,95,52.5,73.1,29.95,12.75
Mitú,100,CO,1603933979,84,1.2,-70.17,77.29,2.42
Aksu,100,CN,1603933964,50,41.12,80.26,45.43,1.72
Labuhan,48,ID,1603933979,74,-6.88,112.21,83.43,6.06
Petropavlovsk-Kamchatskiy,89,RU,1603933980,78,53.05,158.65,40.3,3.76
College,0,US,1603933388,89,64.86,-147.8,19.99,1.97
Nabire,39,ID,1603933980,55,-3.37,135.48,87.62,4.16
Torbay,100,CA,1603933980,84,47.67,-52.73,35.01,3.36
Vila,0,PT,1603933981,93,42.03,-8.16,45.0,1.99
Burnie,2,AU,1603933849,64,-41.07,145.92,59.0,8.99
Arraial do Cabo,4,BR,1603933981,94,-22.97,-42.03,75.25,11.01
Lebu,0,CL,1603933982,74,-37.62,-73.65,49.35,19.89
Chinsali,100,ZM,1603933982,66,-10.54,32.08,64.65,6.71
Gualaquiza,91,EC,1603933982,86,-3.4,-78.55,66.18,2.28
Nikolskoye,100,RU,1603933982,95,59.7,30.79,46.0,7.72
Atbasar,100,KZ,1603933983,86,51.8,68.33,33.55,11.74
Shakiso,1,ET,1603933983,92,5.75,38.92,56.19,2.84
Tucumã,5,BR,1603933983,88,-0.18,-50.05,78.87,7.14
Saint Paul Harbor,52,US,1603933983,70,57.79,-152.41,40.26,4.0
Hofn,100,IS,1603933984,81,64.25,-15.21,44.24,26.91
Gewanē,0,ET,1603933984,34,10.17,40.65,73.94,3.24
Elko,0,US,1603933984,60,41.0,-115.5,43.32,1.99
Laguna,0,US,1603933485,29,38.42,-121.42,73.0,2.91
Xining,0,CN,1603933402,66,36.62,101.77,37.11,1.83
Salta,90,AR,1603933693,88,-24.79,-65.41,62.6,9.17
Thompson,100,CA,1603933985,90,55.74,-97.86,13.26,4.43
Sungai Penuh,89,ID,1603933985,71,-2.08,101.38,73.99,0.45
Algiers,6,DZ,1603933971,60,36.75,3.04,63.32,1.28
Broome,96,US,1603933806,95,42.25,-75.83,44.01,1.99
Isangel,0,VU,1603933894,63,-19.55,169.27,79.02,14.88
Hamilton,100,US,1603933791,87,39.18,-84.53,53.01,1.01
Ashgabat,1,TM,1603933986,50,37.95,58.38,45.59,8.84
Cidreira,0,BR,1603933986,88,-30.18,-50.21,65.55,4.56
Touros,83,BR,1603933468,74,-5.2,-35.46,78.28,12.73
Kita,95,ML,1603933986,23,13.03,-9.49,73.04,1.34
Kodīnar,0,IN,1603933987,63,20.79,70.7,74.12,9.78
Nuuk,100,GL,1603933987,79,64.18,-51.72,21.0,5.01
Pierre,100,US,1603933761,82,44.37,-100.35,39.0,1.01
Kochki,47,RU,1603933987,96,54.34,80.48,17.71,12.24
Ponta do Sol,65,PT,1603933987,66,32.67,-17.1,63.0,1.99
Masuguru,25,TZ,1603933988,77,-11.37,38.42,74.28,4.63
Frutal,0,BR,1603933988,75,-20.02,-48.94,76.21,6.44
Koumac,43,NC,1603933988,58,-20.57,164.28,81.19,3.89
Westport,100,US,1603933371,98,41.14,-73.36,52.0,7.76
Beni Suef,82,EG,1603933816,76,29.07,31.1,70.88,13.47
Turukhansk,100,RU,1603933948,92,65.82,87.98,12.24,14.79
Hay River,19,CA,1603933989,96,60.82,-115.8,19.18,4.36
Lázaro Cárdenas,6,MX,1603933865,83,17.96,-102.2,80.2,4.09
Zenzeli,49,RU,1603933989,63,45.92,47.05,51.93,17.67
San Cristobal,98,VE,1603933989,85,7.77,-72.22,67.75,1.23
Porto-Novo,98,BJ,1603933990,88,6.5,2.6,77.85,6.87
Coruripe,100,BR,1603933990,80,-10.13,-36.18,76.64,14.88
Constitución,0,CL,1603933902,67,-35.33,-72.42,54.1,12.37
Chokurdakh,42,RU,1603933990,91,70.63,147.92,-4.09,7.92
Tazovsky,0,RU,1603933990,87,67.47,78.7,-3.69,5.7
Sioux Lookout,90,CA,1603933727,92,50.1,-91.92,21.56,6.13
Rio Verde de Mato Grosso,44,BR,1603933991,80,-18.92,-54.84,76.8,8.93
Meadow Lake,0,US,1603933991,67,34.8,-106.54,42.01,1.77
Mahébourg,59,MU,1603933991,73,-20.41,57.7,70.0,4.0
Ouango,100,CF,1603933992,97,4.31,22.56,70.2,1.5
Vardø,100,NO,1603933992,88,70.37,31.11,39.61,14.63
Genhe,0,CN,1603933992,85,50.78,121.52,26.02,1.5
Devils Lake,58,US,1603933992,83,48.11,-98.87,30.0,4.0
Ahipara,100,NZ,1603933702,81,-35.17,173.17,65.5,4.59
Ostrovnoy,99,RU,1603933993,88,68.05,39.51,39.52,18.14
Renigunta,100,IN,1603933993,72,13.65,79.52,74.26,3.98
Saint George,1,US,1603933729,16,37.1,-113.58,64.4,10.29
Pevek,99,RU,1603933993,95,69.7,170.31,20.57,17.34
Hermanus,100,ZA,1603933993,71,-34.42,19.23,62.01,1.99
Shimanovsk,84,RU,1603933994,90,52.0,127.7,28.45,7.7
Caravelas,100,BR,1603933994,83,-17.71,-39.25,78.33,12.75
Kibaya,68,TZ,1603933994,91,-5.3,36.57,57.04,6.11
Akdepe,0,TM,1603933994,89,42.06,59.38,32.49,10.78
Waingapu,17,ID,1603933746,63,-9.66,120.26,86.68,11.14
Myitkyina,0,MM,1603933995,77,25.38,97.4,74.79,1.05
Alofi,15,NU,1603933995,78,-19.06,-169.92,73.65,22.44
Olafsvik,77,IS,1603933995,71,64.89,-23.71,42.1,27.04
Muros,49,ES,1603933995,95,42.78,-9.06,55.0,3.0
Cockburn Town,1,TC,1603933913,75,21.46,-71.14,82.87,21.32
Ciudad Juárez,0,MX,1603933804,43,31.73,-106.48,52.0,4.0
Laas,100,IT,1603933840,100,46.62,10.7,43.0,2.06
Axum,0,ET,1603933996,53,14.12,38.72,55.47,7.45
Cayenne,69,GF,1603933996,85,4.93,-52.33,80.56,10.76
Laela,92,TZ,1603933997,64,-8.57,32.05,63.81,2.73
Alibag,0,IN,1603933997,73,18.64,72.88,77.52,4.25
Mossamedes,25,AO,1603933912,84,-15.2,12.15,69.42,3.27
Cooma,62,AU,1603933997,54,-36.23,149.13,66.4,1.52
Madera,0,US,1603933921,28,37.17,-119.83,72.0,1.86
Nome,71,US,1603933813,79,64.5,-165.41,32.0,3.0
Dingle,2,PH,1603933473,79,11.0,122.67,83.84,6.51
Geraldton,0,AU,1603933998,44,-28.77,114.6,79.0,5.99
Lompoc,1,US,1603933998,17,34.64,-120.46,71.6,12.75
Yuxia,4,CN,1603933998,93,34.06,108.63,53.01,2.91
Tuktoyaktuk,98,CA,1603933999,97,69.45,-133.04,20.97,22.06
Rosetown,0,CA,1603933999,68,51.55,-108.0,33.01,3.0
Culaman,77,PH,1603933999,64,5.96,125.66,84.13,3.4
Gīdam,5,IN,1603934000,74,18.98,81.4,65.7,1.92
Muzhi,100,RU,1603934000,98,65.37,64.67,26.94,13.89
Sistranda,9,NO,1603934001,73,63.73,8.83,44.01,1.01
Longyearbyen,97,SJ,1603934001,93,78.22,15.64,20.84,5.88
Kenai,0,US,1603934001,84,60.55,-151.26,34.0,1.01
San Jose,5,US,1603933906,25,37.34,-121.89,73.4,6.93
Road Town,0,VG,1603933944,89,18.42,-64.62,79.0,13.0
Athabasca,0,CA,1603934002,92,54.72,-113.29,33.35,6.85
Katherine,0,AU,1603934002,31,-14.47,132.27,93.16,5.66
Yerbogachën,100,RU,1603934002,85,61.28,108.01,17.6,14.58
Hobyo,7,SO,1603933480,80,5.35,48.53,78.82,6.93
Forotic,2,RO,1603934002,90,45.23,21.59,51.01,2.62
Talnakh,0,RU,1603934003,74,69.49,88.4,-0.42,5.99
Palmer,100,US,1603934003,95,42.16,-72.33,48.0,2.84
Bengkulu,100,ID,1603934003,75,-3.8,102.27,79.45,3.42
Ulaangom,100,MN,1603933479,91,49.98,92.07,26.24,0.56
Lillooet,40,CA,1603934004,71,50.69,-121.94,55.4,4.7
Beringovskiy,20,RU,1603933582,91,63.05,179.32,27.19,11.45
Tilichiki,0,RU,1603934004,87,60.47,166.1,26.26,5.53
Tuatapere,51,NZ,1603934004,72,-46.13,167.68,62.01,5.01
Vanimo,100,PG,1603934005,60,-2.67,141.3,88.45,2.04
Visby,0,SE,1603934005,13,57.64,18.3,51.01,4.0
Mumford,8,GH,1603934005,90,5.26,-0.76,77.47,6.6
Khatanga,0,RU,1603934005,87,71.97,102.5,-0.83,8.03
Katsuura,0,JP,1603933822,51,35.13,140.3,70.0,8.01
Shubarshi,27,KZ,1603934006,81,48.59,57.19,33.71,4.18
Honningsvåg,73,NO,1603934006,76,70.98,25.97,39.69,13.82
Castro,0,BR,1603934006,48,-24.79,-50.01,63.34,2.59
Beyla,46,GN,1603934006,71,8.68,-8.63,68.4,1.01
Ballina,7,AU,1603933730,65,-28.87,153.57,77.0,1.01
Deputatsky,87,RU,1603933908,90,69.3,139.9,-3.64,1.28
Fairbanks,0,US,1603933859,89,64.84,-147.72,19.99,2.01
Vila Franca do Campo,4,PT,1603934007,79,37.72,-25.43,66.0,8.5
São João da Barra,0,BR,1603934007,91,-21.64,-41.05,76.71,19.37
Ketchikan,79,US,1603933541,78,55.34,-131.65,43.65,0.58
Nouadhibou,100,MR,1603934008,63,20.93,-17.03,73.67,17.05
Stepnyak,100,KZ,1603934008,97,52.83,70.78,30.43,13.27
Eyl,100,SO,1603933843,76,7.98,49.82,77.52,1.45
Santa Ana,1,US,1603933772,49,33.75,-117.87,72.0,6.93
Amod,0,IN,1603934008,47,21.98,72.9,74.61,5.14
São Filipe,0,CV,1603934009,78,14.9,-24.5,79.83,3.18
Fenoarivo,20,MG,1603934009,87,-18.93,47.44,59.0,6.93
Polunochnoye,100,RU,1603933969,83,60.87,60.42,36.79,11.5
Te Anau,13,NZ,1603934009,56,-45.42,167.72,65.5,2.26
Tungor,0,RU,1603933927,74,53.38,142.96,40.89,4.5
Monster,17,NL,1603934010,78,52.03,4.17,53.01,13.0
Taksimo,100,RU,1603934010,90,56.34,114.88,15.71,1.45
Prince Rupert,100,CA,1603933972,93,54.32,-130.32,46.4,3.8
Hirara,98,JP,1603933732,73,24.8,125.28,77.5,16.35
Kalawit,46,PH,1603934011,74,8.07,122.52,83.73,5.61
Awjilah,0,LY,1603934011,73,29.11,21.29,62.6,6.67
Porto Santo,84,PT,1603934011,94,33.07,-16.34,55.99,8.08
Mtambile,79,TZ,1603934011,79,-5.38,39.7,77.07,9.19
Mehamn,100,NO,1603934011,89,71.04,27.85,37.67,7.54
Deming,1,US,1603934012,66,32.27,-107.76,46.4,9.17
Jining,80,CN,1603934012,43,35.41,116.58,60.19,1.61
Arahal,0,ES,1603934012,77,37.19,-5.55,60.01,6.55
Harlingen,0,US,1603934012,54,26.19,-97.7,60.01,6.08
Gladstone,0,AU,1603934013,36,-23.85,151.25,84.29,7.18
Mezen',55,RU,1603934013,91,65.85,44.24,39.52,10.71
Narsaq,100,GL,1603934013,80,60.92,-46.05,30.2,1.12
Aswān,0,EG,1603934013,21,24.09,32.91,76.8,7.34
Humberto de Campos,55,BR,1603933942,84,-2.6,-43.46,78.44,5.61
Sinnamary,10,GF,1603934014,81,5.38,-52.95,80.85,12.5
Port Huron,83,US,1603934014,59,42.97,-82.42,48.0,1.99
Aksarka,100,RU,1603933827,97,66.56,67.8,15.51,16.46
Hasaki,0,JP,1603934014,62,35.73,140.83,68.0,1.99
Kamiiso,11,JP,1603934015,65,41.82,140.65,50.58,18.05
Cocobeach,100,GA,1603934015,91,1.0,9.58,76.1,3.36
Pangnirtung,45,CA,1603933869,80,66.15,-65.71,8.74,4.5
Makakilo City,0,US,1603934015,65,21.35,-158.09,82.0,8.99
Tromsø,4,NO,1603933792,86,69.65,18.96,33.01,5.21
Yenagoa,100,NG,1603934016,92,4.92,6.26,76.33,3.31
Praia,2,CV,1603933949,85,14.92,-23.51,79.05,9.33
Namatanai,87,PG,1603934005,66,-3.67,152.43,86.25,1.68
Norman Wells,88,CA,1603934016,96,65.28,-126.83,17.8,2.82
Stawell,98,AU,1603934016,81,-37.05,142.77,54.77,4.72
Qasigiannguit,100,GL,1603933518,61,68.82,-51.19,14.0,5.82
Camapuã,8,BR,1603934017,83,-19.53,-54.04,75.58,4.79
Haines Junction,100,CA,1603934017,79,60.75,-137.51,26.6,2.21
Guaíba,0,BR,1603934017,82,-30.11,-51.33,69.01,1.01
Amberley,90,US,1603934017,87,39.2,-84.43,53.01,3.36
Brae,84,GB,1603934018,84,60.4,-1.35,48.04,6.91
Tamiami,96,US,1603934018,84,25.76,-80.4,82.0,11.81
Corinth,100,GR,1603933925,58,37.94,22.96,64.99,3.0
Havøysund,98,NO,1603934018,76,71.0,24.66,39.13,8.7
Cherskiy,93,RU,1603934018,95,68.75,161.3,6.26,4.56
Rāmshīr,0,IR,1603934019,22,30.89,49.41,68.45,6.11
Pingzhuang,100,CN,1603934019,48,42.04,119.29,45.01,1.41
‘Āhuimanu,0,US,1603933781,71,21.44,-157.84,82.0,4.0
Luanda,100,AO,1603934019,87,-8.84,13.23,75.58,8.01
Klaksvík,66,FO,1603934020,83,62.23,-6.59,48.13,16.96
Barra Patuca,4,HN,1603934020,88,15.8,-84.28,79.65,7.54
Clyde River,100,CA,1603934020,90,70.47,-68.59,15.46,6.42
Singkang,47,MY,1603934020,88,2.1,102.8,78.01,3.15
Coquimbo,0,CL,1603933810,71,-29.95,-71.34,56.08,2.55
Ben Gardane,0,TN,1603934020,49,33.14,11.22,64.67,8.14
Teahupoo,17,PF,1603934021,94,-17.83,-149.27,75.0,17.0
San Vicente,0,AR,1603934021,62,-26.62,-54.13,63.25,2.28
Vancouver,100,CA,1603933853,90,49.25,-123.12,55.0,1.99
Pontes e Lacerda,100,BR,1603933774,79,-15.23,-59.34,77.9,3.42
Alyangula,14,AU,1603933692,49,-13.85,136.42,87.66,10.67
Codrington,100,AU,1603934022,70,-38.27,141.97,57.99,8.99
Chebsara,100,RU,1603934022,94,59.2,38.84,43.77,8.12
Moroni,0,KM,1603934022,72,-11.7,43.26,76.77,0.67
Agirish,100,RU,1603934022,90,61.92,63.02,34.92,12.44
Naze,44,JP,1603934023,70,28.37,129.48,72.59,7.11
Río Gallegos,91,AR,1603934023,64,-51.62,-69.22,48.13,36.48
Marsabit,62,KE,1603934023,88,2.33,37.99,63.99,14.9
Najrān,0,SA,1603933890,44,17.49,44.13,51.39,1.25
Burkburnett,99,US,1603934023,88,34.1,-98.57,39.0,1.01
Bilma,0,NE,1603934024,20,18.69,12.92,70.14,4.5
Oranjemund,100,NA,1603933610,74,-28.55,16.43,59.65,3.18
Paso de los Toros,5,UY,1603934024,86,-32.82,-56.52,52.38,11.01
Kyzyl-Suu,100,KG,1603934024,90,42.34,78.01,32.95,8.28
Kosonsoy,0,UZ,1603934024,81,41.26,71.55,35.37,5.01
Alindao,100,CF,1603934025,94,5.03,21.21,70.29,3.71
Faanui,3,PF,1603934025,80,-16.48,-151.75,79.72,15.88
Pathein,100,MM,1603934025,89,16.78,94.73,76.95,4.27
Mansehra,0,PK,1603934025,38,34.33,73.2,54.48,5.66
Flinders,88,AU,1603933656,77,-34.58,150.86,68.0,3.0
Fukuechō,80,JP,1603934026,56,32.69,128.84,68.95,9.35
Oliveira do Hospital,0,PT,1603934026,94,40.36,-7.86,46.99,1.74
Bingöl,95,TR,1603934026,35,38.88,40.49,58.87,4.74
Plouzané,100,FR,1603934026,86,48.38,-4.62,55.35,15.82
Balakhonovskoye,25,RU,1603934026,87,44.78,41.78,51.01,18.01
Zarinsk,100,RU,1603934027,94,53.71,84.95,24.69,15.64
Sorong,100,ID,1603933935,85,-0.88,131.25,77.45,7.67
Ovsyanka,89,RU,1603934027,94,55.96,92.55,31.14,14.99
Changji,100,CN,1603934027,69,44.02,87.32,39.97,8.66
Sterling,100,US,1603934028,94,39.01,-77.43,64.0,4.34
Yaan,100,NG,1603933937,82,7.38,8.57,74.93,5.19
Mayo,100,US,1603934028,96,38.89,-76.51,64.99,3.91
Chapais,99,CA,1603934028,98,49.78,-74.85,30.22,9.33
Port-Cartier,100,CA,1603934028,74,50.03,-66.87,30.2,3.36
Karratha,1,AU,1603934028,58,-20.74,116.85,80.91,7.02
Matagami,99,CA,1603934029,97,49.75,-77.63,25.88,9.26
Scottsbluff,0,US,1603934029,86,41.87,-103.67,34.95,7.74
Dibrugarh,0,IN,1603934029,82,27.48,94.9,70.07,3.44
Coahuayana Viejo,71,MX,1603934029,86,18.73,-103.68,79.25,2.86
Bonito,55,BR,1603934029,91,-21.12,-56.48,72.64,1.3
Charters Towers,0,AU,1603934030,14,-20.1,146.27,84.2,10.94
Risør,100,NO,1603934030,95,58.72,9.23,46.0,9.73
Lālmohan,0,BD,1603934030,83,22.34,90.74,77.65,8.59
Carlsbad,0,US,1603933807,74,33.16,-117.35,66.99,1.01
Dolisie,100,CG,1603934030,95,-4.2,12.67,72.12,4.12
Port Lincoln,44,AU,1603934031,66,-34.73,135.87,60.94,21.63
Birao,0,CF,1603933646,39,10.28,22.79,74.01,1.86
Valle d'Aosta,100,IT,1603934031,83,45.77,7.42,46.0,5.48
Ibrā’,0,OM,1603933705,54,22.69,58.53,63.1,4.23
Upata,2,VE,1603933795,88,8.01,-62.4,75.04,5.1
Gazli,0,UZ,1603934032,86,40.13,63.45,33.1,15.17
Liwale,74,TZ,1603933748,85,-9.77,37.93,69.98,4.34
Kudahuvadhoo,97,MV,1603934032,78,2.67,72.89,82.56,11.7
Vicksburg,75,US,1603934032,88,32.35,-90.88,75.99,9.17
Camopi,85,GF,1603933304,78,3.17,-52.32,78.53,5.48
Matias Olímpio,76,BR,1603934033,90,-3.72,-42.56,75.94,0.56
Along,0,IN,1603934033,55,28.17,94.77,62.85,1.88
Nieuw Amsterdam,100,SR,1603934033,87,5.88,-55.08,82.0,5.99
Ciudad del Carmen,100,MX,1603933761,78,18.63,-91.83,81.1,9.89
Handiā,0,IN,1603934034,41,25.38,82.18,67.42,2.13
Nueva Helvecia,85,UY,1603934034,85,-34.3,-57.23,55.99,3.0
Kulhudhuffushi,13,MV,1603934034,73,6.62,73.07,82.53,7.58
Chatrā,0,IN,1603934034,54,24.22,84.87,62.35,2.93
Santa Cruz de la Sierra,84,BO,1603934035,54,-17.8,-63.17,83.57,10.56
Byron Bay,21,AU,1603933849,65,-28.65,153.62,77.0,1.01
Piaçabuçu,100,BR,1603934035,79,-10.41,-36.43,77.14,15.17
Ribas do Rio Pardo,77,BR,1603934035,79,-20.44,-53.76,75.47,3.56
Kalemie,100,CD,1603934035,68,-5.95,29.19,73.54,3.83
Pontianak,0,ID,1603934036,76,-0.03,109.33,83.34,3.8
Lumby,100,CA,1603934036,97,50.25,-118.97,41.0,3.71
Assiut,0,EG,1603934036,64,27.18,31.18,71.49,9.13
Waspán,24,NI,1603934036,96,14.74,-83.97,75.78,1.52
Conceição da Barra,100,BR,1603934036,85,-18.59,-39.73,78.19,12.64
Lavrentiya,100,RU,1603934036,87,65.58,-171.0,27.39,3.06
Sainte-Suzanne,100,RE,1603934037,92,-20.91,55.61,61.0,1.01
Zhigansk,10,RU,1603933735,90,66.77,123.37,-8.86,5.26
Colombo,0,LK,1603933782,82,6.93,79.85,78.8,0.29
Neiafu,0,TO,1603934037,75,-18.65,-173.98,75.24,21.14
Waiouru,100,NZ,1603934038,87,-39.48,175.67,55.36,4.83
Fortuna,20,US,1603934038,55,40.6,-124.16,62.6,12.75
Coyhaique,33,CL,1603934038,85,-45.58,-72.07,37.83,6.55
Afyonkarahisar,0,TR,1603934038,66,38.75,30.67,53.6,4.79
Kaspiysk,70,RU,1603933460,93,42.88,47.64,60.01,15.99
Vorontsovka,0,RU,1603934038,72,50.61,40.35,37.76,10.0
Bambous Virieux,39,MU,1603934039,73,-20.34,57.76,70.0,4.0
Paralímni,0,CY,1603934039,66,35.04,33.98,69.42,5.97
Half Moon Bay,1,US,1603934039,68,37.46,-122.43,69.01,3.36
Cuamba,66,MZ,1603934039,69,-14.8,36.54,70.54,3.09
Talara,100,PE,1603934040,86,-4.58,-81.27,65.17,17.25
Channel-Port aux Basques,100,CA,1603933756,80,47.57,-59.14,35.42,8.05
Duyun,89,CN,1603933751,67,26.27,107.52,56.44,5.75
Calvinia,100,ZA,1603934041,47,-31.47,19.78,53.85,8.1
Staryy Nadym,100,RU,1603934042,88,65.61,72.68,4.64,13.02
Ikungi,75,TZ,1603934043,87,-5.13,34.77,60.37,12.33
Killybegs,81,IE,1603933565,92,54.63,-8.45,46.0,5.01
Marsaxlokk,0,MT,1603934044,64,35.84,14.54,64.99,5.99
Ipanema,0,BR,1603934044,82,-30.14,-51.22,69.01,1.01
Tiksi,98,RU,1603934044,90,71.69,128.87,0.34,15.3
Adrar,0,MR,1603934045,18,20.5,-10.07,77.97,10.29
Williams Lake,100,CA,1603934045,92,52.14,-122.14,39.02,3.51
Tarnogskiy Gorodok,100,RU,1603934045,93,60.5,43.58,43.88,7.43
Lokosovo,0,RU,1603934045,91,61.13,74.82,5.92,4.25
Kang,0,BW,1603934046,26,-23.68,22.79,76.35,12.97
Mahajanga,0,MG,1603934046,63,-15.72,46.32,76.69,12.57
Boende,100,CD,1603934046,97,-0.22,20.87,69.51,3.76
Havre-St-Pierre,100,CA,1603934046,73,50.23,-63.6,26.6,1.12
Pangody,3,RU,1603933643,87,65.85,74.49,0.34,7.96
Kirakira,100,SB,1603934047,68,-10.45,161.92,85.62,11.83
Mugur-Aksy,3,RU,1603934047,87,50.35,90.5,20.57,3.94
Sangar,81,RU,1603933454,91,63.92,127.47,-3.87,7.34
Umluj,0,SA,1603934047,23,25.02,37.27,84.7,15.43
Narok,85,KE,1603934047,86,-1.08,35.86,59.41,9.53
Kysyl-Syr,15,RU,1603934048,91,63.9,122.76,-1.26,3.0
Moosomin,100,CA,1603934048,95,50.13,-101.67,27.19,1.77
Bar Harbor,97,US,1603934048,79,44.39,-68.2,46.99,9.46
Krasnosel'kup,0,RU,1603934048,91,65.7,82.47,-1.12,10.09
Anloga,0,GH,1603934048,85,5.79,0.9,79.38,12.26
Kachug,100,RU,1603934049,93,53.96,105.88,31.12,1.79
Zhangye,0,CN,1603934050,40,38.93,100.45,48.56,7.18
Vitim,100,RU,1603933625,92,59.45,112.56,13.46,6.8
Goya,0,AR,1603934050,62,-29.14,-59.26,63.14,14.2
Kolpashevo,100,RU,1603934050,94,58.31,82.91,12.56,11.39
Kjøllefjord,98,NO,1603934051,86,70.95,27.35,37.44,7.47
Vohibinany,7,MG,1603934051,90,-17.35,49.03,65.35,2.24
Matara,91,LK,1603933833,88,5.95,80.54,77.18,5.7
Iguatemi,78,BR,1603934051,49,-23.68,-54.56,74.01,3.69
Matamoros,0,MX,1603934051,33,25.53,-103.25,60.73,4.45
Lodja,97,CD,1603934052,98,-3.48,23.43,69.6,1.83
Kpandae,92,GH,1603934052,69,8.47,-0.01,77.25,4.36
Rassvet,91,RU,1603934052,85,46.83,40.75,49.01,11.86
Valparaíso,0,CL,1603933915,78,-33.04,-71.63,53.58,16.67
Bloemfontein,62,ZA,1603934052,40,-29.12,26.21,71.6,11.41
Rosario,0,AR,1603933908,84,-32.95,-60.64,55.99,3.96
Avera,100,US,1603933858,89,33.19,-82.53,75.99,12.84
Lermontovka,77,RU,1603934053,84,47.15,134.34,35.55,7.11
Balabac,34,PH,1603934053,79,7.99,117.06,83.73,9.31
Enid,100,US,1603934005,99,36.4,-97.88,35.01,3.0
Fasa,0,IR,1603934054,36,28.94,53.65,52.9,7.29
Oistins,100,BB,1603934054,83,13.07,-59.53,80.69,25.1
Sur,0,OM,1603934054,61,22.57,59.53,69.82,3.69
Nelson Bay,71,AU,1603934054,85,-32.72,152.15,66.99,4.0
Pinotepa Nacional,99,MX,1603934055,89,16.32,-98.02,76.03,1.39
Cravo Norte,81,CO,1603934055,84,6.3,-70.2,79.23,4.7
Taltal,23,CL,1603933820,69,-25.4,-70.48,57.7,4.72
Moose Factory,32,CA,1603934055,86,51.26,-80.61,26.6,4.7
Ponta Delgada,1,PT,1603934055,79,37.73,-25.67,66.0,12.1
Harper,96,LR,1603934055,87,4.38,-7.72,77.72,5.79
Novoil'insk,100,RU,1603934056,88,51.68,108.71,31.98,0.49
Anadyr,0,RU,1603933664,88,64.75,177.48,22.77,12.33
Todos Santos,1,MX,1603934056,68,23.45,-110.22,75.99,4.0
The Valley,64,AI,1603934056,87,18.22,-63.06,78.01,11.01
Rumoi,99,JP,1603933989,78,43.93,141.64,50.72,7.94
Ulaanbaatar,0,MN,1603933870,76,47.91,106.88,31.84,4.32
Kloulklubed,21,PW,1603933907,74,7.04,134.26,84.51,11.97
Tsaratanana,0,MG,1603934057,64,-16.78,47.65,69.91,9.53
Port Blair,11,IN,1603934057,77,11.67,92.75,81.01,3.0
Elizabeth City,36,US,1603934057,96,36.29,-76.25,70.0,6.17
Aklavik,83,CA,1603934058,86,68.22,-135.01,17.46,8.1
Vestmannaeyjar,45,IS,1603934058,78,63.44,-20.27,45.73,44.02
Ucluelet,90,CA,1603934058,100,48.93,-125.55,54.0,5.21
Yar-Sale,100,RU,1603934058,88,66.83,70.83,9.52,17.54
Bairiki Village,32,KI,1603934058,67,1.33,172.98,81.14,3.47
Boa Vista,100,BR,1603933983,71,2.82,-60.67,81.5,4.85
Monrovia,100,LR,1603934059,87,6.3,-10.8,78.62,5.95
Faya,0,SA,1603934059,45,18.39,42.45,50.04,5.12
Poum,0,NC,1603934059,74,-20.23,164.02,77.52,20.4
Bowen,0,AU,1603933874,51,-20.02,148.23,84.4,8.61
Korla,100,CN,1603934059,53,41.76,86.15,45.84,12.97
Wad Rāwah,0,SD,1603934060,23,15.16,33.14,81.91,10.38
El Retorno,100,CO,1603934060,92,2.33,-72.63,76.42,2.95
Thinadhoo,0,MV,1603934060,74,0.53,72.93,83.16,11.07
Abatskiy,100,RU,1603934060,99,56.29,70.46,30.36,6.51
Bilāsipāra,0,IN,1603933797,78,26.23,90.23,70.7,5.35
Victor Harbor,100,AU,1603934035,58,-35.57,138.62,70.0,3.0
Bushehr,0,IR,1603934061,57,28.97,50.84,75.11,3.42
Pervomayskoye,100,RU,1603934061,75,43.92,46.71,62.46,18.99
Abhā,0,SA,1603934061,41,18.22,42.51,52.48,7.85
Lingao,33,CN,1603934061,83,19.91,109.69,79.38,20.54
Lewiston,73,US,1603934037,99,44.1,-70.21,39.0,1.99
Chabahar,0,IR,1603934062,61,25.29,60.64,74.53,3.4
Kosh-Agach,54,RU,1603934062,87,50.0,88.67,19.4,1.45
Tacotalpa,8,MX,1603934062,89,17.6,-92.82,77.07,1.66
Llanes,100,ES,1603934062,64,43.42,-4.75,59.0,3.36
Buraidah,0,SA,1603934062,31,26.33,43.98,59.95,3.8
Marrakesh,33,MA,1603933468,42,31.63,-8.01,64.17,2.64
Tahe,0,CN,1603934063,87,52.33,124.73,25.57,3.58
Oriximiná,5,BR,1603934063,76,-1.77,-55.87,79.65,4.47
Olenino,69,RU,1603934063,94,56.21,33.49,41.4,6.69
La Rioja,0,ES,1603934063,76,42.25,-2.5,51.01,3.4
Terra Nova,100,BR,1603934064,88,-12.37,-40.67,73.13,4.45
Pimentel,100,PE,1603934064,85,-6.84,-79.93,63.14,14.03
Nikolayevsk-on-Amur,10,RU,1603933849,72,53.14,140.73,40.59,1.45
Kaolinovo,100,BG,1603934064,99,43.62,27.12,55.99,1.79
Shubarkuduk,93,KZ,1603934064,80,49.14,56.49,34.23,3.85
Yulara,0,AU,1603934064,11,-25.24,130.99,91.63,17.4
Dongying,95,CN,1603934065,45,37.46,118.49,58.93,3.44
Ouro Sogui,90,SN,1603934065,14,15.61,-13.32,85.46,7.02
Nyurba,0,RU,1603934013,88,63.28,118.33,2.1,3.76
Takoradze,74,GH,1603933498,90,4.88,-1.76,76.93,6.55
Comodoro Rivadavia,0,AR,1603934065,35,-45.87,-67.5,57.87,13.0
Kolodeznyy,0,RU,1603934066,73,51.33,39.18,38.3,7.45
Los Llanos de Aridane,52,ES,1603934066,81,28.66,-17.92,60.01,9.06
George,100,ZA,1603934066,93,-33.96,22.46,59.0,3.36
Bilibino,41,RU,1603934066,87,68.05,166.44,0.28,0.49
Pohrebyshche,99,UA,1603933809,78,49.49,29.26,47.95,4.0
Van,6,TR,1603934067,42,38.49,43.38,53.02,4.59
Jalu,0,LY,1603934067,70,29.03,21.55,63.12,7.67
Yumen,34,CN,1603933704,75,40.28,97.2,36.27,7.65
Russell,100,US,1603933497,90,32.35,-85.2,75.99,1.99
Kavaratti,24,IN,1603934067,73,10.57,72.64,81.72,5.66
Great Yarmouth,0,GB,1603934068,98,52.61,1.73,45.0,1.99
Shingū,0,JP,1603933824,50,33.73,135.98,67.77,1.36
Guerrero Negro,0,MX,1603934068,54,27.98,-114.06,67.8,13.65
San Miguel de Tucumán,100,AR,1603933833,65,-26.82,-65.22,65.12,7.31
Shumskiy,77,RU,1603934068,96,54.83,99.13,31.68,3.53
De Aar,88,ZA,1603934068,23,-30.65,24.01,69.31,1.48
Denpasar,10,ID,1603934034,75,-8.65,115.22,83.39,8.48
Forsytheganj,87,BY,1603934069,83,52.63,29.73,43.39,6.04
Stann Creek Town,50,BZ,1603934002,85,16.97,-88.23,82.99,3.0
Kelowna,95,CA,1603933914,67,49.88,-119.49,44.01,3.49
Dzilam González,62,MX,1603934069,94,21.28,-88.93,75.74,5.06
Nagapattinam,40,IN,1603934070,85,10.77,79.83,75.51,9.86
Sambava,43,MG,1603933837,84,-14.27,50.17,74.1,11.23
Yeppoon,0,AU,1603934070,47,-23.13,150.73,82.42,7.61
Vostok,100,RU,1603934070,98,46.49,135.88,29.79,10.45
Moerai,100,PF,1603934070,88,-22.43,-151.33,76.95,18.37
Shebalino,100,RU,1603934070,89,51.29,85.68,26.44,3.8
Pulandian,76,CN,1603934071,39,39.4,121.97,53.87,1.12
Auki,100,SB,1603934071,69,-8.77,160.7,84.6,2.73
Ankazobe,20,MG,1603934071,87,-18.32,47.12,59.0,6.93
Adré,66,TD,1603934071,23,13.47,22.2,77.31,11.18
Port Hedland,0,AU,1603934072,64,-20.32,118.57,79.97,6.76
Tagusao,11,PH,1603934072,63,9.19,117.81,85.08,2.51
Paamiut,100,GL,1603934072,87,61.99,-49.67,27.63,13.24
Berlevåg,100,NO,1603934072,90,70.86,29.09,36.99,11.43
Aykhal,0,RU,1603934072,88,66.0,111.5,-7.98,2.73
Iqaluit,41,CA,1603934073,90,63.75,-68.51,9.01,3.6
Province of Mantua,87,IT,1603934073,95,45.17,10.78,48.99,1.99
San Fernando del Valle de Catamarca,95,AR,1603933839,60,-28.47,-65.79,61.0,1.99
Sakaiminato,14,JP,1603934073,55,35.55,133.23,62.62,9.42
Yarkovo,86,RU,1603934073,93,57.4,67.08,33.04,9.22
Zhezkazgan,69,KZ,1603933908,91,47.8,67.71,27.55,5.1
Falam,1,MM,1603934074,100,22.92,93.68,61.0,0.51
Imbituba,0,BR,1603934074,83,-28.24,-48.67,66.25,2.95
El Molino,100,CO,1603934074,84,10.65,-72.92,74.55,2.86
Carmaux,73,FR,1603934074,98,44.05,2.16,52.0,1.92
Belyy Yar,95,RU,1603934074,89,53.6,91.39,32.31,14.72
Chipinge,0,ZW,1603934075,54,-20.19,32.62,58.42,5.06
Zhalantun,0,CN,1603934075,70,48.0,122.72,34.72,4.36
Palmares do Sul,1,BR,1603934075,88,-30.26,-50.51,66.13,2.95
Darhan,24,MN,1603934075,79,49.49,105.92,33.57,6.44
Dongobesh,58,TZ,1603934075,91,-4.07,35.38,56.32,12.28
Callaway,100,US,1603934076,87,30.15,-85.57,80.01,8.01
Port Hardy,100,CA,1603934076,93,50.7,-127.42,52.95,7.96
Mashhad,0,IR,1603934076,85,36.3,59.61,33.69,0.51
Ziro,0,IN,1603934076,79,27.63,93.83,50.52,3.18
Alcântara,72,BR,1603934076,86,-2.41,-44.41,78.31,8.16
Rijeka,23,HR,1603934077,60,45.34,14.41,55.99,8.01
Dolores,0,AR,1603934077,90,-36.31,-57.68,48.13,7.99
Mayskiy,76,RU,1603934077,66,47.69,40.1,44.67,15.19
Kruisfontein,100,ZA,1603934077,93,-34.0,24.73,61.0,1.01
Mareeba,0,AU,1603933966,32,-17.0,145.43,90.0,1.99
Sarāhan,0,IN,1603934077,49,31.52,77.8,43.59,4.12
Tateyama,0,JP,1603934078,23,34.98,139.87,70.0,3.0
Sheffield,0,GB,1603934078,81,53.38,-1.47,45.0,1.99
Morena,0,IN,1603934078,32,26.5,78.0,66.76,2.95
Scalea,3,IT,1603934078,93,39.81,15.8,52.0,1.01
Hope,100,US,1603934078,78,33.67,-93.59,59.0,8.01
